63
124
2
5
8
11
14
17
20
23
26
29
32
35
38
41
44
47
50 
53 
56 
59 
62 
65 
68 
71 
74 
77 
80 
83 
86 
89 
92 
93
94
95
96
97
98
99
100
101
102
103
104
105
106
107
108
109
110
111
112
113
114
115
116
117
118
119
120
121
122
123
124
1
2
0
3
4
0
5
6
1
7
8
1
9
10
2
11
12
2
13
14
3
15
16
3
17
18
4
19
20
4
21
22
5
23
24
5
25
26
6
27
28
6
29
30
7
31
32
7
33
34
8
35
36
8
37
38
9
39
40
9
41
42
10
43
44
10
45
46
11
47
48
11
49
50
12
51
52
12
53
54
13
55
56
13
57
58
14
59
60
14
61
62
15
15
16
16
17
17
18
18
19
19
20
20
21
21
22
22
23
23
24
24
25
25
26
26
27
27
28
28
29
29
30
30
