127
252
2
5
8
11
14
17
20
23
26
29
32
35
38
41
44
47
50 
53 
56 
59 
62 
65 
68 
71 
74 
77 
80 
83 
86 
89 
92 
95  
98 
101 
104 
107 
110 
113 
116 
119 
122 
125 
128 
131 
134 
137 
140 
143 
146 
149 
152 
155 
158 
161 
164 
167 
170 
173 
176 
179 
182
185
188
189
190
191
192
193
194
195
196
197
198
199
200
201
202
203
204
205
206
207
208
209
210
211
212
213
214
215
216
217
218
219
220
221
222
223
224
225
226
227
228
229
230
231
232
233
234
235
236
237
238
239
240
241
242
243
244
245
246
247
248
249
250
251
252
1
2
0
3
4
0
5
6
1
7
8
1
9
10
2
11
12
2
13
14
3
15
16
3
17
18
4
19
20
4
21
22
5
23
24
5
25
26
6
27
28
6
29
30
7
31
32
7
33
34
8
35
36
8
37
38
9
39
40
9
41
42
10
43
44
10
45
46
11
47
48
11
49
50
12
51
52
12
53
54
13
55
56
13
57
58
14
59
60
14
61
62
15
63
64
15
65
66
16
67
68
16
69
70
17
71
72
17
73
74
18
75
76
18
77
78
19
79
80
19
81
82
20
83
84
20
85
86
21
87
88
21
89
90
22
91
92
22
93
94
23
95
96
23
97
98
24
99
100
24
101
102
25
103
104
25
105
106
26
107
108
26
109
110
27
111
112
27
113
114
28
115
116
28
117
118
29
119
120
29
121
122
30
123
124
30
125
126
31
31
32
32
33
33
34
34
35
35
36
36
37
37
38
38
39
39
40
40
41
41
42
42
43
43
44
44
45
45
46
46
47
47
48
48
49
49
50
50
51
51
52
52
53
53
54
54
55
55
56
56
57
57
58
58
59
59
60
60
61
61
62
62
